136- Ρον111, 3111111111 111· Prot-mmor 1. 9111111111 hasten 1111111 111111.

111 1111111111 1111111111 111 111111111111111111111111111111-
sache, 1111 111111111111131111111111 Ρ1111111111 1111111131·
111111 worden 111, 1111 eine 1111111111 11111111111111111 1111111111
1111111111111111111 111111, 1111111 111 11111111111111111111111-
11111111111111 (11111111111111 111 11111111111111111 hemge-
1111111111111111. Eine 111111 1111111 1111111111 0111111111111
111 111111111111111 1111111111 111 11111 1111111111111111. 1111111-
1111111111111811111111111 11 111111 colonen 11111111 111111
vom 1111111111111111 11111131111111111111111 11111111 1111118111.
811111 111 1111111111111111 111 11111111 1111111111111111, 1111111
111 Ausuaga 111 1111111111 1111111111111111111011111111 111111
1111111 111111. 111111 11111111 11111, 111111111111111111111111111,
1111 111 1111111 Polomsky 1111 111 11111111 111 1111111 1111111
1111111 111111111111. 1111111111 1111 111 Δι111111111111 111
111111 11111 11 1111111 11111111111111111111111111111111111111.

1111 0111111111111111111 11 Berlin 111 1111 11111 dem
111111. 1891 111 mammutium 11111111ᾶᾶ111 111 folgenden
1111111 1111111111

111111 111 111111311111 111 8111111111 1111111311111111 vom

11111111 1711111111 1111111 111 0111111111111111111111,1111- ¹

gleioh 111 1111111111 1111111111 111 111111111111113111111 11111-
1111111 1111111111 111111111 111, 111 1111111111, 111111 1111111
ihren Aoekem 11 111Ι 8111111 1111111, 11111111111111111111111111
1111111111111111, 111 1111 1111 0111111111 1111111111 111, 111111
(1111111111 1111111111 1111111111 (11 1111111111 11111 11111111
1111111111111 11101111111111111111111111 111111. 11111191),
111111, 1111 1111111111111111 111 111111111111 111111111111111111111
11111 (11111111111111 111. 1111. 11. 811) 111 11, wie 111 111111111-
11111111111 111111111111111, 1111111111111 1111Ιὶ111111, 1111 1111
1111111111 11111 1111111 111 1111111111, 111111111111 1111111111·
1111 111 1111111111 11111 1111111111111111111011111111 1111111,
gegeben 111. Die 1111111111111111111111111111, 1111, 11111 1111
11111111 11111, 11111111 1111111111, 111 1111111111 11111111111,
111111111111 1111111111 111 111011 11111111111111111111 111-
111111113 111 11111111 111 Β1111111111111111111 1111111111111·
111111111111111, 1111111 111111111111 1111111111, 111111111111
111111111113111111111111, 3111111111 1111 1. 775. ’11111 ll ’11111Π
111131111111 1111111111 111 3111111111 111111111111111111111-
11111, 1111 111111111111111111111 111 1111111 1111 immor 1111 ge-
111111 worden 111, 11111111 111111111 111 1111111111111 0111111111
111111111111111111111111, 1111111 111 11111111 11 1111111111 111-

 

