311 111111111111111111111111. 1111119111( a. 11111. 1 camazon.

11111111, 111 111-11111 1111 lunga 1 111 1111111 11 11 (111 operaria
mercede.

. ’11 1331111 dunque (1111111111 (1111111111111111 11 11111111 11-

11111111111111, 11 (1111111111 modo (1111111111 11111 1 111111111
1111111 dol-superiore 1 1111111111111111 111 1111111 esso 11111111
11111 determinato modo di parlaro, 111 1 11111111111111 1111111111
111111 11111111 1111111 ” ,
,ι 1111111111111111111 11 111 (11111111 111 provata 111111 11-
11111111· 1111111111 11 11111 111 allegare 11111 11111111, parte (11 quali
sono (11 111111111111111111 111111111 (111 (11111 111111. 11111 111111111
11111 1111 1111111 1111 111111 11 giro, 11 quali 111 1111111111 1 11
11111111 11111 1111111111 (11 1111111111111111 111 persuaso. 1111 111
1111111111 1111111111 (11 pit} (11 quello 11111111111111111111111111111.
' Si 1 111111 11 questa occasione, 111111 1111111 11 passioni 11’
11111 111111111111 11 111111 111 1111111111 (11 11111111111111111
11111111 1111111111, quando 111 1111 triplicato 11111111111 manifesto.
1111111111 V. S. 1112· il 11111 11111111 11111 11111111 (11 111111
1111 (1111111, 11 1111111 1111111111 1111111111111 11111111 11 111·
111111111111111111311111, 111111 mi conformo 1111111111111111 1111111
1 ,1111111111 per 1111111111 per (1111111. 111 V. S. 1112· 11 3¹²⁸.

Ἰ 1111111122. 1111111111 1681.

 

