‘210 Ulr. Gra! Brockdorfflantmu, Dan Compatronatarecht.

mloitung.

111818- 881 088881888818 8181 8881 Η18881188 ¹) 88818188388
188 Ρ81888818888118, welche ihrem 118888 8881 118 objectiva Sub·
81888188 181818888 81811 18811888. 1118 881 18888118 Ρ81888818-
88811 kann 1811 111818- 1811 (1888188881 8818. 1188 888 188 8881888
181 18 188 1181118188 Gesetzgebung 8188 genua Regelung erfahron:
81881881188888118888 8131181818881838 Behandluug 8818181 18-
188 11818888 gelmon, um 118 aus ihm 8888111888188 11881188881111-
81888 8181118 88 81811388.

188 8881118188 11818181188 88881811 8181 81811 188 8818888188
1818811883 818 1888181818 188 Rechts 181188 11188188, mit 1888818888
8881818181113888 188 11811818118118818 Κ18818881188188 Baetim·
mugen, 118 188 888881118188 118188888188188118818 8881188888-
881881881118188 8181, weil 188 ganzo 18811181 188Ρ818888181888118
888188 8818888118 8188881188888, 888 dom 88818188888811118188
88818818 1881 88888181881 18 118 8888881818 1118818 118888-

gangen 1811).

Ι. 1188 08888188881888811
A. 1118888188 11881.
1. 111811818νί881 Ε88188181818888.
lm 1188118818 881888 8181 118 88188888881888188881118188

Ρ8188881888811818188 Mitto 188 11818188188181). Das 1188811888
0888381), 441, gibt 1888 1188181, 18818 188 1118888 81888 8818888

1) 1118881188, Du Kirohenr. 188 1811811188 881 notatam 81 8.
Berlin 1888 811.

2) Stachow, 1818818888.. quod 81188 8818. 8888181, 18 188818 881881.
888 88 888 888, 118881. 1885. p. 818 »nam quum 1881118188 8818888188 ex 1888
1888 88888188 88888188 811, illa doctissimorum virorum 888188118 88818818881
188 8888818888 omnino 811888 apud Ρ88188188188 88888818188188188181888.«
1181818811118188118811. 8881881. 8181181888. S. 79: »1888188881388881888
118188888118 188 188188188188 1888 81811 118 Reda 8818 ... 888181188888-
188188118818118818888811 immor 888 818 81888 1811188881 8188 8888 8881888888
188 8888818188 11881188 18188811818 Richter-Dave, 18181881 188 1811. 881
evangel. 1188188888118. 8. 181. 18188. 1888. 8188 118188, 1881118118888 188
gem. deutschen 1188188888118. 1111118888 1858. 885.

8) Die 18188188 18188881888118188 081881188188 888 1888118 18 188
18188888 188 1181888 Zeno 881 18811818888188888, welche 188 1188818888 8188
1881818888 8188811818, 81888 0881881888, 8188 81888 18888888 1881811 118 8181
8811188 118188 118 1888188888888811883 88188118811118188 18181811 881188
118811, 81888 8138888 (1811118188 dem 8188181 zur Anatellung 881888181-
88848188.

s

4) Syn. 1888188881. sm 188 88818818 188118888818) 888881188888188111 Ι

 

