398 Pon-sch, 1111111111111111111111111111111·1111111111 8111111111.

1111111111 1111111 1111111 vom 26. 11111183111130. 11111
1857 (1. 111111 1858) zu 111 0111111111, 111 11111 eine 811111-
ordnung noch 11111111111111(11111111111111111111111111, 11 111
1111111.

Will 111 31111111 1111 »111111111111111(1111111111 111·
1111, 11 1111 sich 11111111 11111111111111 1111 2111111 1831
oder nach 1111 1. 1111111858 11111111 11111. 1111 1111111111 neit
111 81111111 111111111111 11111111 nan 111 11111111 111 ’1, 111
1111111111 1111111 111 Ρ111111111111111111 1821 1111111111. -·
Der 1111111111 mit 1111 vom Κ11111111, 1111111111111111111-
11111111 111111111 111 -, 111 11111111111111111 1111111 111 11111
1111111111 (1111111111, 1. B. durch 8111111111 auf 11111111 nune
1111 1111111111 einer Observanz 1111111111, 11 1111111 1111, 1111111
1111111111 111111111111111 21. 1111111 1845 111111 »111 1111-
111111111111111111111 (1111111111111 11111111111111111111111. Die
111111 811111111111111111111 1111111111 dem 1. Jnnuar 1858 111
111 1111111859, 1860,1861,1863 111111111 1111 111 111111111111
111 1111111111 111111111111 1111111111 111 111111 1111 »1111111-
1111111161111111111 111111111111111111111, 111 1860 nach 1111
11111111 111 811111111111 Patron 1111 1111111111 werden 1111111
durch 1111111111111111111, 111 ²!³ 1111111111 1111111111 111111111-
111111111111. 111 111111111111 11111111867 1111111111111111111111
11111111111111, 111111 111 11111111 111111 1111 (1111111111 11111
111111. 11111111 111111 1111 111 1111111111111111111111ς11111111-
tigkeit 111 111111111111 811111111111 111111111111 111111111111111
111111111111111 (1111111111 111 111111111111111111811111111111111
(1. 231 (11111-1111111-0111111).ι

11. Zur Bogrsnndung 111 1111111111111111111111111111111111111
111”11111111111111111 1. Α. 1111111111 ans:

A. 1111111 Frage, 111111 1111111111 11111 11111 8111111111
111 11111111111111 1111111111 11111111, 1111111111 111111111111
11111111ἰά111 111 11111111 (111111111111111111111. Dione 1111111111
1111 11111111. 0111111111111 1111111111 111 111 11111111 11111-
111111, 1111 11 einer 81111111111111111111 111181111111111111111
11 11111 1111111111 111111111111111111111111111111. 1111 11111111,
111111111111181111· 1111111 [1111111111111 1111111, 111111 je
nach 111 1111111111 (1111111111 111 einzelnen Ρ11111111111111111111-
11111111111111, 1111111 (11111111111111111111111 111111 111111
(1111111111111111111111 8111111111111111, 1111 111 111111 111-
11111111811111111111 111 111111111111111 (111. 11)) 11111, weil 11
11111 1111111111 Frage 111111111111111111.

 

