11. ’

101 1101111010 1011010111101011011111011 101 111101 201111
111 101001 211101111010112).

11 Promea 111110 111110 ,101001 1892 1011 01110101110101
1110101 zadun 011 170110001011000111110011 01110111011. nomme
110101110101110110110101 10110111110-111111110 011011001011 consae-
fessionelle Sohulen, confessionelle Lehrerbildunysanstaum 1111 M-
10111111 des Ρ1100110101110111. 1011110111 1101110 0111 1101 11111101-
11011 10011101, 1011 1011, 110 11110110 10111100 11111011011 101 1111011
01101 bestimmten (1011011101 1011011οη 111, 30-60, 110 1101111101
101110011101011011101, 0110 011010 00110101010110 80111010 101-
1111101. 1101 011 101 01101, wo 11110111810011001011100101101101,
(und 1010120111 01101 111 01111110011 1872-7910160011422
1011111110110 1111111101. (10101101), 1011101 110 01101 10110110010101
11101101. 101101 1011101 1108010100111011111011111011 (111011- 11110-
011001111101001101) 10100οο111011101101100 0011, 0011011 01 1110 1111101
iudom 30110101 100 1111111010110101, 111 11010101 (101101110111110
801111101001010110111011101110. [110 1011011 1111 1111011011 100

” 101101. 1101111010111011101101, 01001 111101 101 110111101111001, 1101
111011 (100011011110110 11011 0110111101 1111111111111 101 organon
101Κ11010 11011001011 01 1101 101111 10110 Rode 10101, 1011 101

1101101111 [1111011111 101 110111101111101110111 11011 110110111111
1011 11111, 1011011 101001 1110 0001101111011101018011111111111-
010 00101100) 101011. 1101 1101011-111111111 10110110 111101 101 10111-
101111100101 11101111111111 110 1111011111101 31111101111111· ’
11011111 1011101111011111011101100. 1101 101 1011011011οη 11111111
101110 011 111011110101 (10111111101110111011101011 1011111111 101
(10011100110110111011111 111 101 110111101111101110111110111010110110
1101110101. (1111101 101 0101 1011110111. 0001111111οε Zeug-
1111101 (1011110101 01111111011011101101, 101111, 11011 01 110 ,
1111011011ῐί1 1010011011, 101 3011010110 110111100 1111 1011 1101111011-
1110111011, 1011011 1110110011 0111 111 110 01101018010111010111011
100111001101110111111 011111). Die 1101110111011,110 1111110 00101101 1
1111011101110111110111011 011011101101 1001 0011011 1111101101 11
0111101011, 0101 01100 0111101111101100 1011 01011101110110 101111 11 1
10110100, war 1011111010 11 1010 (1010110110111 11011 1010101; 01
001110 1011 101 11101011011101111111011 1101101101111111101101 10-
111101. 1101111011101101 00 101 101101111111110111011(80111101)1011- ,
1011101100 (1010110110011 1101111110110111 1101101, 01101010 101

 

