16 -· 1111111111,611111111111111.111111111191111111111111. ’

’1111 11111111111111111 11111111 11111, so 11111111 11 11111 111111
11111118111111, 1111111111 11111181111111111111 11; 11111 111
11111111, 1111 111 (1111111111 11111111111111111111 811111111111
1111111111 11111111, 1111111 111 1111 11111 1111111,1111 111 11111111-
11111113ς 11 11111 daun 111 111116111111111111111111111111·
111111 81111111111111 111 111111111111111. - 1111111111 1111111 noch
11111ρί111 1111111111, 111 111 111111111131111111118111111111111111111
11111111111101111111111, 111111 111 31111111111 1111111111111111·
1111111118111111111111111111 81111111111111 11111111111 1111111,
11111 1111111111 111111 (1111111111.11.); nicht 1111 (111111111111111
11 11111, 111 Berlin, und auch 1111111111111111111111. 111 1111111
11118111111111111111 1111111111 1111111111 1111 1111111111111111
1111111111 gagen 111 0111111111111111 11181111111111111 1111 11-
11111111 1111111111. Ι

Boi 111 Abstimvmmy 111111 111 111111 1111111111 1111178111]-
11111 1131111111.

1111 111111 Gras 11111111Ἠ111111111111111111111111 ging
11111, in 111111 7 11111111 1111111 »1118111111111111 1111111111
dem (1111111111111111111111 111111811111111111111 1111111111 »Der

8111111111111 1111111 111 111111111111111111111111111111 81111- 1

111111111111111111.« 1111111 1111131111, 1111111111 111111111111 Α
1.0111111111111111111111111111111, 111 1111111111 111111 111
ganzo 11 3111111111. 54.

1111111 1111111111 111111 111111 angenommon §- 56 Abs. 1,
15811114, 1111111111 111111 dem 111111 »8111111111 einge-
11111111 111 »(01111111111111111111),1 11111 111111. 1-3 mit
1111 auf Antrag Graf Olairon 111111111111111-1. [11111111 111111111-

menen 11111111

111 dem 111111 111, 1111111 dem schulvormnde (8111111111111) 11111111
1111111111 111 811111111111111111111. 111 [u. untenl) 11111111, 1111111111-
het, 111111111111111111111111111111111 und 11 111111.

1111 dem 111111 111111 11111111 werden, dass 111 (1111111111111
dom 111111 1111111111111111111111111111111111, den 11111111 zu 1111-
1111111, 111111 1111113111111 111, 111111 rogolmassig 1111 111111111-
11111111 1111111111 111, 111 1111 nur 111 11111111111111111111, 11111
111111 1111111111111 (1111111111 1111111.

Dor weitergehoude Antrag 1111111111 111111 111 111. l 111

ἕ. 7611111 11111111

1111 1111111111 8111111111111111111, 1111111 111 1111 (1111111111 1111111·
1131111111111111131111111, 1111111111 11111111 (1111111111 1111111131111111111
1113111111, 11 1111111111111111111 111111 111111 nach 111111111111111.

1111111 111111 111111 einen, 11111 auch nur 1111 1111111111

 

