Die 111111111111111111111181111111111 Mindon. 301

111111 111111 11111111, 11 haben 1111 1111111111 1111111111
11111815 (111 1111111111 111111111111111 1111111. [11111111111111
1111111111 sind 1111 dem Vorstehenden 111 11111111 von 1815 min·
11111111 111 1827 ab (111 1111111111111111111 111 dem 1111111111
1111111111 1111111111111. Von 111111111111 precarium 11111111
(111 11111111 1111181111111, 11111111111111111111 1111111111 11111·
lichen 81111111 1111 nieht die 111111 sein. 111111111111111111
(1111111111 1111111111 nicht 111 (111 11111111 111 18. December
1815 11111111111 werden. 1111111 (111. Nr. 7 des 1111111111111)
1111 11111111 1111111 11111111 111, 11111111 11111111111111 11-
reite im 111111 der Kirche und 1111111111111111111111111111111
111111111 zu 1111111111 111, 111111 11 111 11111111111111111111111
des 1111111111111111111 nur 1111 1111111111110111111111111111111111-
111111111 und 11111 1111111 111 11111111 1111111111 111 1111111111111
111 1111111111 1111. 111111 3111111111 (11111111111111 durch 111
1111111111 11111 311111111111111 111 111111111 zu 1111111. 111 1111111

1111111 1111111111111111 111 111111111111111111111 1111111111,

1111111111 und 1111111111111 11111111 gebracht, 11111 11 11·
11111111(1111111111111111111 1111 1111111 81111111 1111111111, 111
1111 111 111111 Kirchonbaupflichtigon¹ auch 1111111111, 11111111
1111111111 11111111111111, 1111111. 111111111111 11111 111111
11111 1111111111, dass 11111111 111111 1111111111111111111111111
11111111111111 111111 11111 11111 1111 1111111111, dass 1111111-
111111111, 11111 11 die Nothwendigkeit 111111111111111111111,
dione 111111111111, (1111111111 111111111111111 1111 1111111 11111
111 11111111111111111111111. 111111111111 111111111, (11111111
1111111111111111111, die 11 Mindon 111111 (1111111111111111111111
1111111111, 111 den 111111111 11111111 11111 (11111111, 11111111 Dorus
, 1111111.

111 (111 1111181111 11111 dio 1111111111 (11111111 1111111111,
(11111111111111111 111111 1111111111, weil 1111111111 1111111111
1111111111111 (1111111111, 1111111 11 dieser 11111111 11111 11111-
11111 111, 1111 1111111111, wie oben 1111111111 11111111111111 1111,
die Domkirche‚ 11111111111111111111111111111 1111, 1111111111111
111111111111111111111 1111 die 1111111111 11111. 1111111111
11 111 1111111111 11 1111111 Weise 11111111. 811111 abor auch
von dieser 11111111111111111111111,11111111 Fau 111 (111 Be-
11111111 11111111111111111111111111, 11111 1111111 1111111111111
1111111 11111111 1111111. 811111 1111111 nicht 1111 111111111111111
1111111, 11111111 111 1111111 (111 1111111111 ihtes 1111111111 11
11111111 und im Gruudbuoh 1111111111. 11111111111111 dem 111·

 

Δ

