420 1133331, 1313333131133333133113313 3133313331· 3331 8131111313.

1133313313, 1333 133 11333313131133133113 3331113331 1331331313113
1331. l 133 8111133313333 vom 80. 1131 18583

-· 333331 13 133313331331331333, im 813313 der 811113 331
133 8333133131133113333 31311 33313313333 0313313133 (8133133),
33 113133 33133 3133133 811113331333333 333 1808 331 1831
53331133, 3331 113 11311313 (133313133331333333133133133131,

- 3131113333 1338113131111. 133 331331133 8111133313333 133
8331333333 133 8113133 3331 13113333133 8333133131133113333
33313131131 331113133 131 -,

durch 81313113131333313333 vom 80. 111331857 313 1333313333
›amande-statut« 33113111 131, 331313331, 1333 133313 11333011-
331311 33 [333333133133 813113 31311 313 31333111313 81311, 3331333
313 [11331333 3333331333, 3333313131 313813113333331131.

1133 333 333313133133 (13113133 113 1131131333 133 833313333-
33113113 3313133, 33 3133313 13 133 83313 331131113 8333133313
8313133133 33333 133 11311311 333133 1331333 33313133313333 333133.
11333 3331 311333 83313333333 333313131 13381333333333313331
133 3133311131333 333313113133 133331311133 33333111331131 331 113
8111333 31333 313313133133 013333333 333 333 dem 13133 1862 333-
33331133333, 3311 133 3313131313 8313333131311333113 333 8131113333
133 8111133313333 13 1133133113 1333 11333133 3313333331. 1133 11113
3131 3333 13331 1133331 1133333 8311333113 133133331313 13131333
133 31311 mehr 3333131131 3333311133113133 1113133 831133333 3133
333 1333 11333133 31331313313 013333333 111133 113333133331831·
33131133333 133 83131333313113 13 (1311333133 81. 12. 83113 294,
(13331313 83113133 81. 31. 8. 898). 111313 3133 13113 3313313 83-
13331333 131113 83113313 331131 31311314333131111) und 13313331 113
83331333131313 3331113113 ’1131333133333133131 333113133333331333
3133 333133313 1133311333 113 33131313331313, 313133Κ11333, 331·
3133 333181311133331338111133313333 13 1133133113 3311331 33-
3331113113, 1333 33 333 3331 33 313333 8313333 33331333 11311131
133 833133133 3333113111331,31131313111131 1133 13331 133 331 un·
3313133133 33311113133 8331333333 1333133133 833133333311333131
vom 81. 1131 18118 3333313331 131 333 133 331131331331313333331333
widerapruehs, 3333313113 133 1333333113 33311311311331133331311133
133 1133331333 1331333113, 31331331133 1131331 33 3311333. 813
113 zum 1133133133 31333 013333333 3313313311313 833131311333, 1333
der 1111333133, was von 11333 331 113331 33313111333 8333133333333-
dung 331331331 33313, 313131331113133 831333333333 31333 3331313
3333131131331133113 33311133133311333111311333 3313131311313, 13111
jode 1131313111313 1131331333 331 13133113 33131333131113383-
3131333331333 13383313 13 113 8333133331331333.

1) 111333 13331133 133 83131333313113 13133133 33311331133131133-
1131113313333133131133333 131333 3331131131, 3333333331313111313133, 3333

1133113313ι ι,1113888931311131133 133 1311133133 1113313333313131311331, 381333. 27. Fe·

10 311333 8331331333311333 (13331313333111131333 3311833131- ,

 

