406 Pomm, [1111111111111911111111111 1111111111- und Stadtkirche.

11111 zu die 8111111111111 111111111111111111, der Ρ11111
1111 111 311111111111111111 1111111 11111 nach diesen, 1111111
11111 811111 111111111111111111111, 111111

1111111 111 111 11111111111111111111111111111111 20. 11111 1815
3111151 11 111Ρ111111 verffigt:

»Uebrigens wird 11111 111 111111111111 1111111111111111,
11111111111111 zum 1111111 Laude 1111111111 1111111181111
111111111 werden kam«

11 111111 1111111111 hatte 111 11111111 111111111181111
11111111111111111 8111111111 1111111111, 111111 111 1111111111
11 111811111111 vom 27. October 1814 11 111 (1111111111111111111
3111139.

1111 11 111 folgenden 11111111111111 11111111111111111-
1111111, 11 1111111111 811111111111 11111.

11 111 11111111111111 111 1111111111 3111111111 1111 regel-
massig 111 ›stadt‹ Myslowitz 111111111111](1111111111118111111,«
1. h. 1118111111111111111, 1111 1111181111111111Ρ1111111 zu·
11111, 11 1111111111111 Eingepfarrter beitragspflichtig. 1111111111
gagen 111 31111111 111102118111111111111111, dass 111811111111-
111111 111 111 11111111111111111111111111 »11111111111111111111
111, 11111 1111 111111111111111111, 1111 111 (1111111111 1111111 1111-
1111111111111 (1131111111 zum Patron. -

Klssger 111 Β1111 134111 Ηγρο111111111111, vor den 111111,
111 1838 1111 111 1111111ιί1111 1111111111111 1111111111, »11-
1111111 111 1111 8111111111 1111111111 111 111 11111111 8111111
1111111111, 11111111 1111

11 111 Rege} 11111 1111111111 8111111111111111111111111111,
Β1111111111111, 1111111111, 1111111111 1111111111, 1111 von 111111
Κ1111111111 1111111 1111 1111111111 811111111111, 11111111111111111-
handlung vom 11. September 1834 Bl. 43 111 111111111111111111111
1111. 311111 111 11111111111 Bd. 13 1111 11 111111 111111 81111-
111111111111111111111111111111111111 Verbandlung vom 2. October
1111. 11. 3167 111. 8213 1111111 211111 1831 8192 1111111111
11111; 111. 1111111 111111111111111 17. 11111 1845 11138111
11111111111111 111111 1111. 111 111111111131118111111111111. 111.
1111111111 111119 8. 250 ff. Am 25. November 1839 118. 111
11111111111111 1111. 111 1111111113 111 8111111111113 1111111 aber
die Regiorung, dass 111 Bostellung 1111 0111111111111111111 1111111
111111111111111 dem 01111111111111111111, dass 111 Bestimmungen
111 8111111111111 111 111 »1111111111111111 111111, auch 111111
analoga Anweudung 11111 1111111, 111 1111 11131111111111111

 

