270 11666εο16611.Ρ666161161161166666111. 0661661666 der 116661166166.

›Hierntehet legire 161 66 616666 161666661161161666 (166
11661666 061161661116606 1000 Thin<
066661 663163 161366166 3666166116
»1166161666 1016 166 666 euch mit eurem Berieht vem 3. 166166
61636666116 ’1661666661166 6666166οο666 0166611 161161 661 006116-
016616616 von 8166616116 166ρί6161 haben, so 166666 6616 euch 166-
66106 6661111666 661 euch 16061 bekannt macheu, 1661016 116
16616 0616116166 pia 166616 616 6616661160
l. 166 16166. 061161661116616 1000 11616..
2. 166 11166166 66 0666616666 200 11..
3. 1661116616 66 Ρ61661166 200 11..
4. 1661116616 66 11666166 200 11. 661
5. 661 Η611. Messon 300 11616.
161661 66166 1661166616661666, 1666 6661166061166611666666
12111661754 11666 Legata 661 10001116. 66166161 661 166
1106136 proretis 16666 1666116 6066616066 161. 1166166616 61166-
016161 16616616661161 0661111366.
0636066 Berlin, 166 23. 1606666 1781.
86611. vem 86111116. Senectutem«
An 166 0166136 1161666-0661161 61 6616666666.
Nr. 1115.
21. 066 066616116166 166 161161 v. Bleehe 16 6616666 am
23. Mai 1825 6661166166 ’1661666616 116. 01661616
»Der hieeigen 0611616611166166 616 8611663 166 zum Bau der
06661 66666616166 1161166661 616 1166616 61666 06111661616166-
1166 166111660666666613666 61661366, ob 66666 wider 6661666
0011166 6666666611661166161166116 500 ’116166
Der 16616616663161 0613616161 116 8611666 166 1161316066
1166166666 1166166 1010611663 666 2516111825 66161316 36611116666
etmmtlicher 1616661116 166616 bestimmten 0666161161666.
(Dom-Arehiv XX. 24).
22. Der 666 86. 1161661111 am 4. September 1832 (148 5911)
6611666666 0666616611666-11161 116 166 81611666 8666166 (Attea
Nr. 48. 11. 25) 66116110613661666

1116660666.

66661. 066 (1666161161666
Die 0606116 166 cathedrale 618. 1611666666.
1. 0661666Κ1661663616 Ρ6160666116 . 797 1116. 16 866. 3 5)
2. 066 311).Η6066 16 0616661661. 315 ,. 27 „ 5 .,

161066166366 . . . 1113 11616. 13 866. 8 ’ἣ

 

