410 111111, 11111111111113111111111111 1111111111-1111 &edekin-he.

1111111111, 1131111111, 11111131311111862 1111 elate 11213
11111111111111. 11 111111 11111 nieht 111 elate 11111111 111111-
1113111113111111111 11111 31111111 1111111111ποὶ 1111111111.
Neeh 3. 111 111 11131111. 1111111111 111. 11. 111. 8 werden
11113111111111111111111 113111311111111 111 311111 111113111111
nieht in allgemeinen Vereemmlungen der 311111 Β113111111111, 111-

1111 1111111111 111111111111111 (1111111111 1111111111; 111111 11 .

1111311111111. 1113111111 111111111111. 11. 111. §- 26, 22, 26, 52.
11 1131111111 111111 1111 111119 8. 22611. 11111111113111111 Ver·
1111111311 111111111111111111 771111111111311111. 1111 111
111 1111111111111 1111111111111113113111 1111 1111111111111111111-
111113 111 111111 1111 11117111111113. 111111 3. 178 711. 117118
111111 1111 11131111111111 1111111111 1111 11 11111111 1111111-
men, 1111 111 111113131111 von einer 1111111111 111111 111 11311-
11111111181111 1111111131311 ξ. 166; 1111111111311117111, Be-
111111131111111111113113111111111111111 31111111 3. 16819. 11111-
11111 11111311 1111 (111 1111111111 1111111311 111 11113111 in
dieser Beziehung.

1111 1111311111 1111111111 111111111111111 in 3. 39 111 132
111311. 1111111111 11111. 111. 8 1111 die Pelizei·, Civil- und
81111111-(11111111111111111111811111, welche 1111 §- 1611111111
111111111111111131111 1111; 111111 in Bersera, 111311. 1111111111
Tel. 11. Tit. 7. 3. 86. 1111 11111113 (111 6111111111111 1111131
11111198. 23117, 211117, 34213, 34718, 35316 (1111111111) 367 ff.
(11 11111111111121111370171ς (71111111 111 111 (1111111111111111834).

Die 11111131131111 169v ff. 11311111111 11131111111111-
111111 111 1111111111 111 111 (1111111111111111111111111111 1844
111 1111. 1111 111113 111 183611 11111 111 111 211311111111111-
11111113 111 (11111111111111 111111 daher 111111111111111, 11 die
1131111111 111113 durch die 1113113111 11111111111131111111.

11 111 vender 311113111 11113111113111 1111111111131·
11111111 Ρ111111111 11111111 1789 11113111118111111311111111 111161
111 Ρ11111111111 werden 11111111 eine [1111311111111Ρ1111111311111
1111780 111 1111111 111111 11131111111111113111111111111111
11111111 81111111111111111111- 111Ρ111111111111. 1111111111 111111
1113111111 18411 3142 (111111111111111111 11111 1111. 111 1111111113
111 8111111111113 1113111111111 [11111111 1111111111111111111
1111111111 liber aeterum civilium civitatis Myelewitze de 1111 1596,
11111 1111 1111111111 111 3111113111111 111 Ρ11111111 111 Plees 1111
le. November 1758, 1111111 dem 11311111 (111 11111311111131111111
worden, 111 11111111113 1111111 11111111111111111111111. 11

 

