312 Ρ11111, 111111- 11111111111.-1’111111.1111 (1111111111, 1111111.

Der 111111111 1111111111111111111131111111111 29. 1111. 1890
111 1111131111 1111111 im Bd. 65. S. 442 1111111111 1113111111
worden. 1111 11111111111111181111 1111111111 wir 111 111111
111111111311131111 111111111111111 111111111113 111111111111111
11111111113111111111

3. Versicherunyspfiic'ht 111 Komar und 11111111 mederer 111111111-
diener.

111 eine 1111131 1111 111 11111111111313111111111111111111
1111111 11111111 Κ111111111111 11111111111111111-111111111111311111
11111 dem 29. December 1890 11111 3111111111, 1111111 Κ11111111
1131111111, 11 111 111111111111111 Η113111111111111111111111-
311111111111111 111 1111111111 (1111113113111 Κ11111, 0111113111
1111111111 (1111111 111 (11111111, 111111, 11111113 111 111111-
11111111 111), 111 (11111111 im 811111115. 1. 111111 111111111-
ditata- und 111111111111111113131111111 vom 22. 1111 1889 1111-
11111 1111. 11131311 1111111111111111111 1111111-1111111111131-
111111 1111111111 11 1111111311 111111 1111 11111111111131311111111
Κ111111111111111111111 1111, 1111111111, 1111 111 111 11311111111
»011111111111 1111 11111111 Κ1111111 11 (111111111-111. 11111111,
1111111131111 111 1111111111 Ρ1111111111 1111111111111 11 111
3111113113 11 111 1111113 11111111111111111111111111131111111
11111111111111113 3131111111 111 11111111111111111311111111111-
, steht, 1131311 111 311111111111113111111111 11111311111111111-
11111111131111 1111111111. 113111111 von diesen 1111111101111
11111 111 11111111111131111111 11111111 11 1111 111Ρ11111 11111-
1111111111- 111 1111111111111111131111111311. [111 (1111111 11111111
11111111111 0131111111, Κ1111111111111, 11111111111111111 111111-
lichen 1131111111 11111111.

111111 111 111 1111111-11111111111311111 1111 111111 11131-
111111, 1111 111 1111111111131111111111 111111111111 Ρ1111111 11
1111111111 durch 111 Β1111111111311 111 311111111111111111111
vom 27. November 1890 fiber 111 3111111113 111111131111111 1111111-
1111111311 111 111 1111111111131111111 (11 11131111111 11111111
111111111111 111 R. V. 1.1.1.,1.1’. 1891 811110 1111. 3) 111-
31111111111 1111 11111, 111111 111111 viole 1111111 111. 11 1111111111
11111111, 1111111 11111 111111 111111311 Η111111111 111 1111111111,
Η111111111 1111 11131111111 111 1111111- 111. 11111111 11111111111
111 31311 111 311131131311 11113111 1111111111, von der 1111111111-
1131111111 1111111 1111.

Ἥ

 

