316 Brome). 888-88888. 88. sept. 1891: 8888888 888 nmmum.

8. Behnntmachung 888 1118131. 68888188888188 88 1188888883 vom 21. 888
1888888 1881, 8818. 818 18188883 888 8881188188.

. 088 18881388 188 8181818.(1818111881811[188188888881892
118. 2 8818888888 818 18138888 88188818888883 8818811888 8181718-
888881888883 888 188811181883 888 888188888188 888 18188883 888
8881188188 8888 88883888 888 888118818818188883838881888 vom
2. 11188 1850 8888888 1188838888 888 (18881888 vom 27. April 1872
8818811888 818 18188883 888 888 3818188888 888 888811881118188,
88818 888 18888888 888 8811888 8111188388 818. 88818188888 Rea}-
88888111388388.

1188 (188818 vom lasanum 1881 (0888888881. S. 5) 18118818
8888888883 888 1188188888188 zum 31. 1188888888 1883 8838888881.
1111818888 Tage 888818818 818 788811181883 888 888188888188 188

8888 888 waren fortan 1818888388 8888818818838888888118118188 ’
’1181188 888 38388 88888 8881883 888 88888883818811818 88118813. 1

Durch 8881188818 88811811 1891 8818811888 818 88118888883888
8881881883 888 888188381888 181 888 818 188811181883 888 1188188-
888188 18 31818888 178188 wieder 8838188888, 818 81888188 8881 888
11881188188-1818888383888188 vom 2. 1118818508ηά 8888 (1888188 vom
27. April 1872 8818811888 818 18118883 888 888 38181118888 888
888811881118188 8. s. w. 88818888888 888188888811388388 3881881181
888. 1188811 18111 8888 818 Ρ88888811888881838188 888 8888183188
888118 wieder 18 88811. 88 88888 81188 8881881388, welche 1188188-
3888888 1818188 8888 88 8888188388 88888, 88183888 8888188188 888·
888, 818 81888888 38881888 (1818388888, 818 88818888888 1838888-
888811181888 881 88388888 888 188 88188 Τ88118 8881881118118 Art 88
18888, 81811 883888181 8881888 38888 88 188888 888 8181 8183888888
vom (1888188 3888118188 78818888 88 8888888188. 888811 88 8188 88
1838888 88 3818111818 Instituta 1888811, 8818131 818 18188883 881
181883 888 7888818818188 zum 25188888, 881 881883 888 888888113188
zum 22¹f2fachon Betrage 888181888888188 888 1838888 888 [8181-
88388. 188881 88888 818 7888818818188 888 1818888381881181 81811
8888 88 8818188188. 88 38881881 81818888 888 81881 dem 888888113188
818 8818881813883 18 11881888818188 888 1818181 8188188 888 788·
8111881818 8188888 888 56¹1„ 18888 888888888 811388388881888 8188
111, 8888881138 88818 888 8888 188888838188118188 81881881818888.
11888181881 888 88181 181 888 (1888881881 1881888888 888188881881.
1188881188 8181 888 888888 dem 111888838388818 vom 2111881850
88188118388888 1838888 888 8818188388, 88 8818131818 1818888318
der 118381 zum 20188888 8818838 88888 788811181883 888 1188188-
bank. 088 8888888318 888811 88188 8818811813883188881888818188,

 

