248 Porsch, ,711131 Ρ313111111713111133111731131313131113111111131,

3131 zu Wohnungon 111 Β33ι113131331131133111111133131. 11311133
13131 3131 113 1131311131113 133 [1313131131 131 3311311 1113111
83113311 1311131131 (111111331113131 11311131 131 311311111131-
131 113ᾶὶ1311331 13111. 0. vom 8. Juni 1834 31.

731131 (1311113111 1111313133331133131131,33131111 113 11
113. 3. 8. 2 133 Ges, 13112113111311850 31331311 311331111131 313
11131313311113 3133131131.

Η131131 1111131 111 113[1131311113311311111331311131311111113131
1311113131 1113313111 33113311. 11333 111. 133 [1313113333111131
3313131 13131111 331, 131131331111131; auch 1311311 113. 3. 1. 3.
1313333333111, 1333 133 (1311313 31333111333113113131 Ρ31331311ιιιιι
Wohnen dieue 111 113111131 313 3333111133 (1311113 113 1133133131
31133 1)131311133333311313113; 311 1131113133 3131 3311111 3111333131
11131131311111131 Ρ3133131 1313111133 (1311113 331 11311 11313133·
13113 111 81113133 81313133331133, 1311 33 13113311 3131311113111333
8111311131 31; 3131 eine Theilung 133 83111133 331 im (133311 113111
1313333131. 831311331311 11111131 113 113111331111131Η1133113131
3311 1331 1131113133 113 1133131131 331131, 3113333131 13131, 1333
131 131131131313111101331131 11311 11 13131331311111311Ρ3133131
3311131. 113133311313 13111133 (1111131111 0313113313 21 11311
313331113331131, 3133111311 auch 113111 31133131113113111131311311-
11331131113131113131 3131 11113131113331 1311111, 33 33111311311,
113 aus 1311 113113131131 73113131113331313111131, 31 1313311313113
Ρ1113113133131 1311131131. [13333113 331 13131 auch 11311 313 1113131-
3313113111 313311111131 Sinna 311133131 111 mit 1311 131131 11111-
11333111333 33113131313131311131113, 111131 33 11311131 1311131311
313 [1131313311113 133 1313131313 1331111111 3313331.

Zu 4. Die Zinsen der zum 11131131311111113113113 111 Ge-
11113 13113113131 1311111131 33131 13318. 19,913111311131131
vom 81311311877 11311 31133311113ς 13333113 33113131131 1133-
33131 111 1111311311113131 [1311- 111 111311111113, welche 313131
(11111311313311113113331 3111311131 worden 33131 (ξ. 6, 3 133 113-
31111113). [1131133113311111113133111113111313 331 111 113 83-
313131113 ohne 11111133.

115. 1113 111313133131 111131 1331111131. 831131831331-
1113131735913 131113 133 Η3ιι3 113113113331183, welches 1331
131 113111111331 zu 3 113113131311131331. 11311 313333131 1131-
131313313113113731311331133111 13311311 nicht zu 11331 weil 133
(1111131131 [1313113333 131, 11 1311131311 133 0331131333331313-
11111131 111 113 (1311131313333 13111131, 11313131111131 331133 1113113-
1311133 11311 1111 111 73131133113 3313331 worden, 3111311 nach

 

