42 1111191911, (19991911 prema. Volksochulqeaetsmtwurs.

11911 9191 199 1191111199 19 919 anderes 11191 9191 199 1191919191111199

in den Schuldienst (111199 im Woeontliehen eutsproohend 199 111 999111191-
1919 8191199919 1919199911 1999111991 11911. 170, 171 1111111111

Uebergangsbestimmungen3 99911 §- 172 1911199 8191199919119919199
zur Aufbringung 1911999199 919111 herangezogen 1191199.

0919991919 119919111 »1119911911111911111999 991 1191999
191 19119199 1199119199 191199919199,« 11. 173-183, 911991 zu-
91919119 199 11. 173, 174 199 119911191Η19191111919999 991199

(19919919911911191199 (19919999991 (9191199191 <len Bostimmungen
111119 99191119119199 8199191999199) 3 11911175-181 1111131191] die ΒΘ.

9119999199 1191 199 11111999· 991 Waisengeld (beiden Relioten der
9991119119199 81991919991199 11111199 111199939119991 1911199199 199 Β9·
991199, 11999 91 1999199111 191 9191 1911911991999 ’191999999199111 worden
11119, 191991991, 991 11111 19191 191 1119111991 191 1193919991 9191911911 191·
19919191 991911111391 0199911911 191 1191991 199991191911131 119 191 Ρ999199,
19191991999 1601191191999 1600 ,Ιώ 199 1919939111911111, 119911 1191191191
1911, 11119199 11191 119, 11999 nicht, 119199 11119991911991 191199 dart, 119191
91119919 noch 1999191999, 19199919119 19911919 119 19119199191193 zu (1191119 zu
legende Ρ9119199 19119399ς nach 1. 117 191 1911919 1919399 1911111 191
1911999119199 199 1111999111 9199 1191191911 991 119 0199919911 991 199
01999191919199199 199 191919119999 1111111911 250 Α, 991199 1919991911, 11999
119 1191191 1911 991 1919 11999119 von Wittwengeld berechtigt 191, 1111111911 50 A
111191991191, 19119 91919199119991191999991999399 91911191119111111111911150 Α,
9191991999 84 Α 11119199 Kind3 99 11911911 119 111119 9913911111, 19 11919199
11919 1991119911 991191191111111199- 991 1919999911 19919111 119 1191113911 991·
9111991199 11919199111119911999911191 199 111119 119119199 191 99191119111999

81991199919919919199199119911191999199, 199199991919 911911199911 11191 119
19111991 999 19181991919999111911199 11919119191919911111199); nach 1, 182

991199 119 1191911199 111111199- 991 191999199999 111119999191191191

nach 19999919 91999199991919 (19991999 1999119999 (991991119999

S. 115 191 1191119, ihr Vormbgem 99 walchem 99911 119 11911191 991 (1919919199
Β9111119 1919191191 haben, zu (1999199199 91999911199191) werdon⁸ und

9191, 99911919 119999 1999119199, 11911. 175-181 19 111911 119199;
nach 1. 18111911119911919919199, (1911911199, 89191191119199191-
19191199, 9911911919919 11199139 1111191111111999911191999 19
119199.

1191 91919919 11991911 »81911991 191 (1991919199, (1919199119
9918919119111919991891919919191191911119 991 1919 (1911919191
ὁ19911191991191119991919,« 11, 184-193, 99191111 119 819919991-

91911 fiber 199 191199919199999. (An der spitze steht 991. (1191119911,
dass in allen 199 1911999191119999 19119199199 191919399191199 191 Schul-
9919191191911119 119 19191911 911919111; 191 8919119991911 9919111931 191 119-
stitigung 1919911911 991 119119 191199119111 119 1199191993 19919191991199
19199 Η9991191119111399, 11919399 Klsge im 19199119919111911191191119999-

 

