Unterschemunyamerkm. 1111111111·1.81111111111 (11.111111111111 ’395

111 11111 1111111111111 111 1111111111111111 1111111111, 111
1111 111 01111 11111011111111.

Dans 11111111 1111 11111111 1857 1110111111111111111111
11118111111111111 111111111 worden, 11111111 1111111111, 1111
111 011 111111 111 1111111 111111111111111111111111111111,
wie 1111 1111 111111111111111111130.11111111571111111111111
01111111-811111 »111111111111111111 11111111 1111, 1111811111
11111111111111111 11111 111111111111111 genesen sein 11111.
1111111111111111 1111111111 1111 11111111 1111111111111

I. 1111 11111111111131311111 111 111111 1111111 1111111

1111111. 731, 7401111111. Tite! ll 113111111111111111·
11111111, dass 111 [1111111111 1111111111111111111111111111
0,, 111 11111111111111 ll„ 11181111111111 1111111111,,11111111
11, 11111111.

Der 111111 1111111111 1111111111 Κ11111111111111111111
111181111111111, weil 111 111 geographischen Lago 111111111
1711111111 1181111111, die Beklagte 1111111 1111111 111111311-
11111 einer 1111111111 11 11111111, 11 111 1111111111111 111
111111111111111111111111111111. 11111111 8111111111 11111111
111 1111111111 1111111111 0111-11111111 11 111 1111111111111
1114. 1341 111 Β1. 69. S. 202, 11111111 111 1111111111111111
dem 11111111 Β1.10. S. 216 111111 111111111111111 1111111111 1111
111 1111111 111 811111111 1111111111111111111111111111Η11111111
(Note 5. zu 1714. 1111111. 1111111 1111111. 111111111111111111
0111111111 8. 1111111). 1111111111111111111111111 1111111311
1111111111, weil 1111 111 11111 1111 1111111 011111111111111111111
11111111 11111111 hage, 1111111 111 111 111311111111111 1111111-
gemeinde, 111 11111111, 111111111111 11111111; 1111111111111111,
weil 111 111111111111 1111111111111 11111111111111111111111111111
1111111 11 11111 111111 1111 Κ11111 111 11111111 11111111 11111·
1111111111111 81111- 1111 11111111111111 111111. [1111111111
111Η1111111111111111111 11111 111111111111 Korn, 111 1111 111
11111111 1111111111111111 1111111111 111 01111111111111111111-
11111111 0111111111 11111111ιί11 werden 11111. 11111111111111111
111111111111111 111 1111111111 Β11111111111111111111111118111111-
1111111, 1111 111111 111 8111111111 111111111111, 1111111 111111-
1111111111111111 Γ1111111 1111311 1111, 111 111111111111111111-
1111111111111 1111111111, 1111 11111 11 1111 fragon, 1111111111·
11111 1111111111111 1111111111 11 111111 111. 1111 11111 1111111
1111, 1111 11 111118111111115000 1111111111 12 1111111 111111

 

