vnteraomdunymerkm. 111111 Land- u. 811111111111Ρ1.11111111111). 417

11111 111111 11111111 1111111 1111111111 seit 1862 111 1111111111
11111 8111111111 111111, 11 111111111111111111 1111111111111111-
11111111111 111 Patruus 1111 171111111111. 11 11111111-
1111111 1111111111,1111 1111 11111 1111111 11111111111111111111
1111111 1111 111111 (1111111111111 111 111111111111111 1. 1. 0.,
11111. 111181111111111111111 Bd. 98. S. 259 fg).

Β. 1711 111111 111 von 111 8111111111 1111111111111111111
0111111111 1111111, 11 111 1111 11111111111111111111111111111
111 1111111111111 11111 durch 1111111111111111 1111111, 111111
1111111111111 11111111111111111 1111 1111 11111111111111 Be·
1111111111 1111111111 111111111111 1111111 111111111 (1111111111111
111 11111111111111 Bd. 2. 8. 18411, 81. 12. S. 292 fg.. 11111111
111 81111111111111111 14. October 1886, 111111111111 1111111111
1111111111 Bd. 31. 81111887 11, 1111111111 S. 893, 894). 11111111
11111111111111111 11111111111111 81111111111111111 111 111 1821
ab bis 11 1111111111 1861 1111111111 111111111111111111111111111
8111111111111 11 1111111111111Ρ111111111111111 111 111111111111111
111 1111111111 1111 171111111111 11111111. 1111111111 soll 11111111
111 11111111 111 8111111111111111 11111 111111111111111111111-
1111111 111 8111111111111 11111111118111111111111111111 111 11-
11111171011111. 111. 11 111 1111111. 1111111111 1111 111111
1111111111 11111111111 01111111111111111111111. 111111 11111111
11111111111111111 aus folgenden (1111111 111 1111111111.

1) Dio 111111111111 111111111112111111111-811111111 kann
1111111 1111 11111111 111 (11111 111 1.711.111.11.11.11111
1111111. 1111111111, 111111 man 111 1111111111111111111111111111
11111, 11111 weil zu 1111111111 1111111111 11 111 ’1111 noch 11111
81111, 111 11, weil 1111111811111111111111111111, 11111111
1111111111 11111 111 11111111111112111 11111111111111111111-
11111111 1111. 781 111. 111 1111111111 1111111111, oder 11111 11-
11111 111 111 1111111111111 1111111111711111111111 111 61111
11111 11111 111111111111111111111111111111 11181111111111 (111.
amem, 81111111 81. 81. 8. 893). Im 11111111 11111 111111111-
1111111111 111111 111 1111111111 11111111 11111111111111111111-
1111111111 11 111111 daher 1111 1111111 8111111111 11111 dieent-
11111111111111111 1111 0111111111 111111111111111111111 11111-
11111111 1111111 sich 11111 111111. Das 1111111111 111111111111111
1111 111 111 8111111111111111111111111111111. 71111111 111111
1111111111, 1111, 11111111 1111111111 111111111811111111111
111 111 111111 1111111111 1111111111, 111 Patron 11111 111 ihm

11111111 7111111111 111 1710. Tm. 11. 111. 11 111 1111111. 1111-
1111111 Sironem-aem. 1111. 21

 

