XXV

Ε1111111111111 111 111111. 111111111111111111111
1111 11. 1111118111.

1. 1 mmmmm.

(8111111111 8111111113 Bd. 15. 111. 1841).

111 111111 11111 3111111111 gegen 1111 11111111111 111
k. 11.11111111111111 1111011111 111 111111111111111 1111111896
Ζ. 2594911 1889 puncto congrua-Ergflnzung 1111111111.11.1111-
waltungsgeriohssshofe 1111111 19. 11111 1891 Ζ.1014111111111111111
gemm, 1111111111 111111111111 811111111111111111 1. »Nur der

Pfarrer 111 zum 1111191ἄ111111111111111111111111111911 111ιᾶ 111101·
11111111 19. April 1886 1111111111 11111111 111 1111111111. —
2. Rei 1111111άά1119 der 11111, 111, 1111εή11911ρί1 1111111111, 111
11111111 1111111111 111 01111111 in der Psanfassion aufyerechnde
1111119 eu 1111111111111111111, 1111111 auf 11111111111191 11111111 Be·
ἄ1111 9111111111 1111111111

11111111111111111111111111 111111 11111111 1111111111 111 11
111111111111 111111111111-111111111113 1111111111111 1111111111
»Die angefochteno Entscheidung 11111 11111111 111 8111111111
1111111111 8111111111 1111111111 0111111 1111 9. 6. 111 61-
111111 vom 22. 0111111 1875, R.·G.·Bl. Nr. 36 111876 1111111111,
im Uebrigen 11111 111 1111111111111 1111111ηά11 1131111111(

11111111191111111. Die 8111111111 1111111 sich 1111111,
dass 111 111 in 1111111111 111 11111111 vom 11111111 1885,
111-(1111. 111. 47, 11111111111111 Richtigstellung 1116113111111
11111111 111 St. Georgen im 11111, 1. 111 11111111111111111811.
36 111. 11111111 1111111111 111111111111 111 2. 111 Bekostigungs·
beitrag von 420 1. 111 11111 111 111 1111111111 111111 systemisirte
11111111111111 111 111 111311111111111111111 111111.

Ad 1. 8111111111 1111111111 81111111111111111 1111111111 111
Ρ111111Μ11111 Pone, dass er 111111 111111111111 11111111, 11111111
111 11111 1111 ’1111111311 11111311111111 111111111111011111111111
11111111 111 111111111111111111, dass von 1111 liquid gestellten
1111111111 81111111111111 111 1111. 36111. 111111 1111 1111
1111111τὶ111 0111111111111111111 111111111111 1111111111111111·
11113111821. 96 11. 11111 1111111111111 Normalabzuges von

111, also nur 111 11111 111 2 1. 96 111. 11111 11111111111111111
1111111111 111111,

 

