Unrerscnernunyamerkm. 1111111116- 1. 811611111111111. 8111117111). 403

91, 20218. 111111111111 111 1839, II. 187 190 r 307 11111, 24 831.
4 Ρ1.116 1151111. 21831. 211. 8111111111 611 111111111111-
111111 1. 161, roth: 5451 116 2189811111, 375116 84 1111111111.
81111 188 111 1011 652 11111. 7 831. 6 Ρ1. 116 245 nnn. 5 831.
10 Ρ1. 8111111111 111 1842 811111 207191 2203 ’1111 22831. 7 Ρ1.
und 828 1111. 13831. 1Ρ1. Henddienste: 4841111. 28 831. 1 Ρ1.
111 1761111. 12831. Spanndienste: 0431111. 29831. 8 Ρ1. 111
220 1111. 15831. 11 Ρ1. 8111111111 60561112422; 21311111851
116 82. 81111111111111 186411111111111111111111 69-851 124
1111. 29831. 10 Ρ1. 111 52 Τ111. 5831. 5Ρ1.; 161111. 116
71111. 10 8311 271111. 11831. 11 Ρ1. 116 11 11111. 13831.
2 Ρ1. 8111111111 1868 111. 268, 299 1111. 9 831. 9 Ρ1. 111 177 1111.
25 831. 9 Ρ1. 1111161116-1110111161111111ς 11116- 116 811111-
11111111 188 11111. 23831. 1 Ρ1.116 821111. 18 831. 8 Ρ1. Re·
1111111 111 1869, 81. 2351 262 1111. 10831. 2111161761111.
14 831. 1111 1111 1111111111·111Κ1111111111111111. 11111611
111111111 11111111111111 einen 111111111111111113 31511111118111113111
111811111131111111111111111, sn 11111 einh dies nus der neuen
111111- 111 (1111161111111 116 111611 1111116113 611 1111111111
611811111111-116 Κ11111111111111111111. 1111 noch 11111111
1864, aleo neeh 1111111113 611 8111111161113 1111111311 611811·
11131 61111111111111111113.

211111111111111 die 8131111111 111 Myelnnitz als 8116111
1111111111.

Des Urtheil 111111 1111111 1111116111131111111, 11 1131111111
116111 81161 genesen 111, 1111 es jedenselle 6161111,6111111111111
die 81161111111113111111111 111611, 11 11181116 611 11111111 11111111
11111316111111 werden 111. 1111111111 111111111111311111111111611.

· 9118116111161113111 1808 111111 1111111111 111 einzelnen
8116111 111111111111111, dnnn 1111 durch die Verordnung 1111
26. April 1881 8118111111. S. 115 1111111116111111111111111-
111161111111 71111161 3111111111 8116111. 11111161111111111 Ver·
ordnung 1111 11 611 fiber 611 111111111111111611111111111111311-
11111111 1111 5. Jnni 1823 Gen-Senem. S. 129, 2111111824
(111-8111111. 8. 62116 2. Juni 1827 6118111111. 8. 61 111 1111
ausgespronhen 1111 111 111111111111 11111111111116113111111111111
11111111 1111 111 81161111611113 1111111111 0111111111, 1111111
111 111111 811611 genesen, 6161111 dieser ihrer 81311111111111111113
311111111111, 1111 euch 11111813111111111111 1111111111 1161111
enm 2. November 1810 (111-8111111. S. 79 1111 611 1111111111311111
26*

 

1

