492 liceretur: 11111111111111111111111. bles. 1-4.

1111111 111111 1111111111111 1111 (1111111, 8111111111111) 1111111111111
111 111 11111111111 1111111111111 Rechts 11111111 111, 111 1111111111
1111111111 111 1111111111111111111 1111111111 11111111111111111111-
1111111 111, 1111111111 1111 11111111111111111111111111111111111
111 1111111. 1111111 1111111111, 111 111 11 11111111, 11111 11111 111 Si-

11111111111 1111111111 11111111 111, 111 111111111111· 1111111 Ge-

111111111111111 11181111111111111111111111111111 haben - 11111 1111

11111111. 111111 1111111111. 17111111.

14. Jesuitensabeln. Von Β1111111111111118..1. 1111 Β111111 111
1111111111111111111. 1111111111 1-1. 1111111111, 11111111, 1891-92.
(Preie per Liet'eruny 90 Pl).

1111 1111111111 111 111111111111 111111111111111 11111111111
1111111111 Aneahl 11111111 11111 111111111111111111111111111111111
111 11111111111111111111 111111111111111.

niel. l 1104 S.) 1111111111 einh 111111 111111111111111111111,
111111 11111111 11111111111111111 1111111111 dem Jnuitenorclen naeh
den (11111111111111 11111111 1111 111 11111111 11111 1111 leel 11-
1111 werden 111111 111 111111111111111111111111 11111111111111-
111111111111 111 111111101111111111111111 11111111111111 l. 11111111
1. Leyole 11111111111111111111 1111111111111111 Ρ11111111111 11-
11111111 2. 1111111111111111 1111111111 (111111111111111111111111111
1111111 ’1111111111 3. 1111111111111111Ρ1111110111111111111.; 4. 111

[1111111111 111 Μ11111 1111111 1111 1111111111111111111111111111 1

(1111111111111 1111, 11111 1111111111 81111111111111 11111 eusdem 01111
111111111111 1111111111 1111111111 1111111111, welche 16141111111111
111111 11111111, aber 1111 1111111111111 [111111111111111111111111111
1112; 5. 1111111111111111111111111111 11111111111111111111111111·
1111111111.

[1111. 2 (1. 1111 anun. S. lon-120) 111111 1111111111 1111111

111 Behauplungen: 1. 11111111111 11111 111 1111111111111111111111111
111 3011111111 Κ111111; 1111111111 [1111111111ἰί1 1111111111 1111111.
111 8111111111111Κ11111111111111111, 1111111111 111 den 11111111

1101111111] 1173 1111111111 11111111111111111 (1111111111111111111111 1
111 ,11111111 (dee 1111111111-11111. 1111111111111ς 1111111111 111 ’

111 1111111111111 0111111111 111 Hele 11111111.; 9. 111 111 Β1111111111111·
11111 111 11111 11111111111111 01111 111 1111111111111 11111111, 111
10. 111 genn 111111111 8111111111,11111111111111111111 1111111111
111 Selene, 11111111 0111111 ihm 1111111 11111111.

lies. 311111-111) 1111111111 111 1111111 ll. 111111 111111-
11111111 111 111111111111111 111 ,1111111111 12. 1111 111111111111111111
11111111111111111111111111111, 111 11111111 111 1111111111111111111
11111111 1111111111 1111111111111111 sind, 1111 1111111111 elne

eines einzelnen 1111111111 P. 1111111111111Μ1111111111111150, 111 l

1111 11111111 11111111111111 wer, 1111111111111111111111, 1111111111
vem P. 11111111 111111 11 Unlersuchung 1111111 111 111 dem 01111
1111111111 werde. 11111111. 1111 111111 13. 111 [1111111111111111
1111111111 111, 111 1111111111111 1111111111 111 111Ρ11111111111-
1111111111; 14. 111 11111111, es 1111111 (1111111111 11111111111,1111

1111111111111111111111111ς 15. diellyetifieelien 1111111111· 1

 

