Die 11116661111611116611111111111611.11166111186111111-11116111. 47

1161 611161 161611116161 1111111161 11161161 161161161111111116116
bestimmten (1111111611 11111111111111611119 161 1116111111·
1166611 1166116 1161 mit 1611 8611161116111161611 161 1872, 161
11161161 mit dem 011611161611161 1871, 11161161116111161161161
1881, 1885, 18811888, 18891111890 (1616116, welche 116 1161116161,
11611111161161116161, 116 1111611111161161161111 116 [16111111
161 16111161116116116161. Das Centrum 1611616161 6116 11611 (16-
16116 11116111116161, 116111, 11611 11616111161161611161111611161
16116116111111116111161161, 116111 1611 161 111111 6111111161 86-
1111111161 mit 111 11 1611611611111611161161611161116111111
1111111111111. Dio Ρ1616116 1116161116111116116111611111, 11-
161161161611116111161161. Die »8611111111161 1. (161116116161
11111111 1111 11111 1111111

1161 1611616116 11111111 16116611 116 1111111111 116161 1111611111
(11111161 166 111 88 1611611-11111.) 611 dem 11611616 161 1161111161 16111-
161116.

[16111111111111611611161161 161 1116116 161 86111- 111
11116116111611111, 11611111161116, 161611. An 11616111111611161
11611 dom 1161116116 111 81116161111116126111 112. 111116611-
161111111116161 1611616111611161 1161 116 1161116 (8. 46) 111 116
161161661111111661611-111116 111 611 116 1111111161 1116111616
161 11116161 11116111111116161161111116, 1161611661111116 111161116111-
16661 11161611 1611161161, 6161 11611611 1111611 161161. 1161161611·
11111116 01111111111161 Gra( 1. Ζ611111-11111661161 6111111611161161
am 4. 1161 1891 111 111661116161161161616111161116161161111611
11111161611161111111611111111, mit 161 Reform 1611611111111-
161616 6161 116 1616111616 1161611111611116118611116161111-
116111 11 11111111 1611161. [1161111116 111116161 8611 1111 16-
16111111 dom 1111116116 6111611161, 11161161611111116116161111
16111161186111161611 nur 2611 16161 161 1611111611611 1616116161
1111611116161161111161161, wie 11116116 11 161611 161, 1111111611-
11616 111116111116 im 1616111161, 111 11616161111111116161 1111-
16111166 11611 111 1611616 111161111611161616116111161, 1111611
1161 1611 11161116 1161111616 16111616 611611616.

111 1161 16111611 ··- und 166 86116111616116 161 1111611661161
11111111 11111611 11 1611161161 -, 16 1111161161 11116111161111116
116161, 61116161 6161 111161616111611611616111161611 111 11111
1116116111111, 1611 161 1616111116 111161116116116161 16161611 1161161
kann, 61611161116 1111116121 111 112 161 11111111111111116 11
111111. 1161161 111116 111 11611161 (116161116111161 1611. 111161
1611111111 161 111161116161 816111111166 111 1116111161] 16116·

 

