131 Ρ11111, 1111111111 der Ptarryater quemeinen 111111 111 111 111911.

lichen, 1111111111 auch 111 0111111111 1111111111 7111111111
1111111111 11111111 ascheim, und 111111 11111 11 31111111, 1111
11111. 7761. 1. 0. zu 1111111 11111111 der Gemino, 11111 111
1111111111 111 (11111111 11111111111111 11111111 111111, 1111111111-
tragon 1111111. 1111111111 11111 1111111111, 1111111 Ρ111111,
1111111111111111 1111111111, 111 111 1111111111 111 1111111-
standhaltung der Wege mit 811111 11111111111111111111111111,
111111111111 1111 1111111, dass 111111 1111111111 311111 111111
1111111111 Wegestrecke ι111111, 11 1111 111 111111111111111
ihr 111 17751. 1. 0. 1111111111 111111 1111111 kann. 111151. 771,
776111. 111111111111111111111111 111 1111111111 der Bildung
11111011111111, 111 11111111111111111 boklagten 1111111111
1111111111 111, 1111111111111.

Der (1111111111, walchem 11111111, 11 111111 1111111111-
telung 111 111111111 1111111111 0111111111 1111111, 111111 111111·
11111111111111 111 111111 11111 3111111111111111111, 111 111 111
Zeugenaussagen 1111111111, 1111 111 Bepflanzung der Wego 11
1111111111 111111 1111111 111 111 1111111111 1111111111. 11111111
1111111111 111111111 jornale 111 Baumpflanzung bewirkt 1111, 111
11111 1111111 1111111111 worden. Dass 111 Baumpflanzung entlang
der Psarrgrundstficko 1111 11111111 1111 11111 11111111111111, 11-
1111111111111111, dass die Psarrei von 11111111111111111111
1111111. 011111111111111111 111 Zeugen 811111111, er 1111111
1111 ganan, 1111 111 1111 111Ρ1111111 1111111111 1111111,1.1.1111
1111111111111111 11111111111111 111 11111111 111 [1111111111
wege, 111111 der Pfarrackor 111111, 11111111 worden, 111111111
11111111 11111111, 111 11111 1111111111111111111111, 11111111
1111 11101111111111 11111111 111 11111111111111111111011111111
1111111. 111 111 hiernach 111 11111111111ι111111111, 111111 1111111·
111111111111111111111111111 111 1111111111111111111119 der 11-
11111111(11111111111111111111, 111 Bnumpflanzung 11111 111111
ιι 11111111 111 11111111 (111 1111111 1111111 1111111111111111111
111. 1111111 111 1111111ι111111111, 11111118111111311111111, 11-
dem or, 111 111 11111111 111 1111111111 01111111ι 1111 1111111,
111111111111111111111111111111 311111111 111 1111111111 11111-
1111111111 1111111111, 111 1111111111 111111 11111111111111111
war, 11 1111 1111111111 [111111111111111 (194 111 111111111-
1111111111111111) 1111 11111 1111111, 111 11111111111111111111111
1111111111 111 1111111111 111 Berufungsenbsohoidung ιι 1111111111(

 

