212 Ulr. Gra! 8555165551-1155515555, Das compatronaurectt.

lange 5515555 155515, tls 81551 und Κ155155 1515811515 5585551555855
gingon und (115 1515555555 boillot 11551515 55515518515155.

1115 115585555111551 im Antang (155 12. 1515155855 515.
»15151 5555155 515 Ρ1511155 55511), »(155 155551115515511 15 (155
8515155 (155 51585555 855555155 (15551551155115558555 8515551155155
115115551555511 555 541 15 05165551) 155115 555 55555551, gagen (115
1115155555 (155 8555585555, (115 5155515555 555 1555115535- 555
8551555555551515 555 81551555 555 (155 5515155155 8111155 zu 555-
15511555, in 555155 Jahrhunderten war (115 1155151 (155 11155155 so 55-
515511, (1555 51555155 Alexander 111. 55 55555 155515, in einen
Κ555155 155155 511 (155 5555555155 555555155555 [1551155555155555.
815555 Ρ5551 555 55, (155 (155 Ρ5155551 55 51555 ius 1555555515 55151-
15511 annexum ⁸) 55115515, und (15511 dit ganzo 85515 (155 historischen
llntwickelung 5511 dem 115155155585515551515. 815 Heiligkoit (155
8555515585 (1516515 55 155155 nicht, (1555 Ρ5155155555555 kraft
Eligonlhumsrechts 5555 515 5511115555 15511151 5515 (115 11155155 155-
5115555; 55 5155 11555 (115 8515551555 (155 15515515 oder 558555551-
11555 1555555555 585555555555 und dem geistliohen Ρ5155555555

l) Pltlllpe‚ 8. 888.

8) 8555 15551. IV. 541, 555. 1. 555 86 [8155551, 85555555 5555111555
5555 51 5551155155 collectio, 8155551155 115811. IX 114, Hesele, 8555115555-
5515151515. 8. Aut Freiburg 1818 ff. 2. 8. 858, 8181 1.].

8) Dor 15555515 5. 16. X. 55 1555551555. 8, 885 »155 5515555155 quod
5515515115511 5555555( steht 55555 nieht 15 (1555 8515551155 1155556555 IIL 55
(155 8558155551 555 8551551555] [luffa 8555515 5551155555 1155555555 1. 58.
8. 551. Lipsiae 1885. 88. 115. 181881, 551. 51555551 XXII 841 und 1151551855ρί5
551555 55555155 (155 81 (1., 5551555 151 515 8555155155 8555555551555515515,
(155155155515151555511155555 (155 15155115555 5155555555, 551. (1555511155
1515555555, 1118, 55551111 (1155 IV (= 18. ltin), [Jaffe II 5. 8415 Mami
xxn 818, 8815 Helela 5 t. 684] 555. 145 . . . . Ρ55515555, quia 15 155155
quorundum 15155555 555555511 5555515, 51 5515555555 5551551515 neglecta
51551555 1551115551 15 555155115 51 55555515155.555 551555551, possessione·
555555 51555 5115 bom 5551555555 555 555 plerumque 551551515 distribuat
51 tum 55515515515555, qum 55555 hominu 151115 51555115511555 5555555551
mm: 555, 5515 55551515 5555155151, 55515555158555551555 feriendos.
8555155155 55155 5155 51551555, qui 555155155 555 151555 5155 5555511 55155551
5515511515 555555511 15555555, communione 55155155, 5151 perstiterit, 5 5151-
515515 5551551551155 tt 558155 (1555555155. Vgl. 55515 555. 11. 555 (155 8515551855
Alexander· 55 116515 Heinrich 555 85515551. [15515 , Rogata 55555555 Ro·
5555555558 58. 8. 551. Lipsiae 1885. 88. 115. 18181. 11 5. 861 = 555. 8. X. (15
lud. 8, 1]: 55555 5555 15515 5515555155 115 555155515 551515555555551511551185.
555515, quod 555 5151 5515155855 iuditio 551551 (1555151 (51 5558 ecclesiasticum
1551555 solummodo 1551515551). 15155511111111155, 1115515555. Bd. 1. 8. 666. 668.

4) 5. 81. X. (15 1555 551555. 8. 885 . .. quod 5555 55 5115515 5515555155
555 55555515, 555 5555551555 5551155515555155555.

l

 

