272 111111, ,1111111111111111111111111111111. 1111111111ρά1* [1111111111

1111111111 Nr. 2 1111111111811111111111111111111. 1, 11111111111111
Genehmigung 111 1111111111111111111111 111111111 11111111 1851
11111111.

25. In 11111 811111111111111-11111 pro 188919011111111111111
81111118111111 Μ111111111111 111 1111111111, 111111111111, 1111111-
dieinal-Angelegenheiten (Aul. 81. 11. 81111 20) 11111 11111111 Ga-
11111 115 1114Βί111111 11111111 111 111111311111111111,

1) 1111111111111111 81111. . 13815111 9511
1) 81111111 . . . . . . . 1,391,, 19 ,,
1)11111111111111111 . . . . - ,, - ,,
1)1)1111111111111111 . . . . 896 ,, 86 ,,
1) [1111111111 ...... 51588 ,, - „
1)]111111111111111 , . . . 11168 ,, 18 ,,

Die 1111111111111111 111 1111 1111111 (1111111111 alno mit
dem 111111111111111111 811111 11111111111111, ihm auch 1111111 1111111111,
1111111111 111111111111111Ζα1111111111111111,·111 111111111111111

8111111111111.

11. 111111111111101111111119111111 11 111 11111111, 11111
11111 11111111111 11111111111111111 111111111111 1111111111, 111
111 81111111111 V. (1111181111 11111 dem 19111111899111111111-
111111111111 11111111113111111 1111111111 111 111111111111111111.
[111111 1111111111 111 0111111111111111 111 111 111111Ρ111111111-
11111111 1111111111 1111 1111111111 Ρ1111111111111111 1111 1111 111
11111111 Ι1111111 endgiltig erledigt, 111111 11 1111 11111111111111
111 111111111111111 11111111. Dio (1111111111 11111111111111 1111111

»1)118111111111111111 111 111 11111111 111 1113111111Ρ11-
1111111111111 1111111111 1111 1111111111 (111111111Κ1111 abga-
wiesen. 111 1111111 111 111111111101111111111111111111111111111
11111 1111111111 Person 11, 111111 11 11111111, 1111 1111 111
1111111111111111111111111111 1111111111111111111111 111 11111111-
gemeinden 11111111111111111111111 11111111111111 11111, dass
11111111(111111111110111111111 11 8111111 11111 1111111, 111
dem (111111 1111111 111 1111111111111111 111 11111111 1111111111-
111111 111. Der Berufungsrichter 11111111 1111111111, 1111111111-
1111111111 (11111111111 1111111, 11111 111111 81111111 (111 eausa)
1111111111 1111111111, 1111 Rechts· 111 111111 Ρ111111111111111 111111
111111, 11111111 1111 11 111111 1111111111 111 [111-111111 111 111-
11111111111 1111111111, 111111111111 111 1111111111, 1111 undans
11111111 11111111 111 11111111111111 11111 1111111111111111111-
11111111 1111.

111111 1111111111 1111 ’nicht 1111 11181111111111111. Dm

 

