60 1110010100, Gaulo-'⁸ 000000. 70110001010000100010001.

0001001οο 0101, 01011 110 0100 1001100010, 0001000 110 0110 8010100, .

001 1001100001 10081001, 00 0010100 dieser 8010100 100 101000 10-
00111101 000100 0011 (5. 114). 10 110000 00, 00010010100000001100-
1111010000, 01000010110100 8010100, 110 001010 110100001ηο 111101·
01011 001 dorm 0001000100 0000010111 werden 110000, massan 000
100 110001 0001 011010 100 (1000010101000. 1008010110000101001010
000100100οη 110100 10 001010110111000011100, 010100 0100 1110101011
00111νο 0001000100, 100 110100010110000100000. 1010011010010110-
000000110100 001101 auch der 110110100001001011ς 100 110001 0001
0011 0100 jedes Kind nur 100 1011010000010001011 seinos 11010001-
0100000000100000. (ἐξ. 14, 81.)

111000 801010 101, 10111011 1000100, 110 01011100 8100110001010
010 wir 101100 00100 0010010100, 001 01011 10 110001οω 1100000010
0010010010οη 000ίο001001ῑο0 801010, 1001010110 810010000100000 ,101
3000110001001001000000000010100 100 Auge 10110, 001 110 welche
010 0101 durch 100 11001 100 11011000 v. Ladonberg als die 00001·
001001001110010110000000000000100 10110, was 10 dem 1100100000οε-
0010οε »Boi 110101100010110011101001101100010100 0101 110000·
1000100011οο 100111101000001011010100100101010111000,« 001000 100-
11001 finden sollte. 110 1011000001 100 8010 1001101100,1000110
1001000 00 10000 8010 0101 000 0000110000, 10001000 00101110,
11100 81001100001010 0101 10010100100101000110100 (100100010οε-
001010, 1000 11011010000010001011, 001 0010110100 110100 jeder 0011011010
1101101000001000101110 110 00110111 0001ος 110000 10101000 01100001ὴί01
11000110 0001 00011 zur Simultansohule: 111010 1010 110110100000100-
01011 10 110 00110111, 00 01010 010 0100νά1010ηεί00 8010100010. Dio
801010 100 1101000010 01011 10100 10 00 weit im 1100000010 000 0011-
0100010000 801010.

1111 110011 10010000, 01 1000 11000 10101000 100 801010 100
1101000010 0101100000010100 001, 0000000000101, dass die 11100101100000
00 00100100 010100, 1000 100 110110100000001100101100 110 11001101·
1011111010, 100 11000 000011000100 1101000 010000000010101100.
100 11000100110100000100000100 11011010000010001011 00 001101100.
1000 10 100 801010 100 1101000010 01010 1001010010 0010000 00100-

1001100 1101001011 00010010001001110010 0010000, 11100 00 0000101-
100, 000110 110100 01000 0010000 (1001000100 001 10000 1111000 000-
101000 110010. 110110 01010 001101101111000011000, was 100001 mit
100 00110101001101000010110000101000 0000000011001ς 10110 010-
100 0001, 0000 001000 0110010001 80101001010 0101110100 001100, 0110
1101001000 (101010 0011000, 001010 01000 bestimmten (1001000100 01000
0101; 00 00100100 100000100001110 1000- 001 800011011110100

 

