262 Ρ61661, ,1111111 Ρ61611116116111.166111.1’611161111116106111116161.

61161161 1116. mn 1611161 Β61616 16111611 61116611, 61 161 6161 1
1161116611. 11111161 um 1661611, weil im 116166166161116611616-
66111161611611611111111 116 1116116116 Ρ6161111611611 16116116-
1166161 1161111161 -11, 1034. 1013. 1161111. 11161 11, -, 66116
’ 161 11611· 61106116116161111611111 11116161- 11. 940. 941. 1025.

1026. 1054. 1051. 1057. 1185 6. 6. 0. -, 1111616161 116061116-
1161111616 11611 161111, 16161161 161, und 6616111 aus 1611011116,

1611 116 061161161111616 - ihrer 0661111111 111 111611 116616 ’

1661 ·- 11111661166111116111116161 6111111116 und 116161 in
1111611611111116161 0116116161 616 Ε116111111 1161 116611116161
sumis 6111116161 161. 0666 161116161 als 6116 mit 06111161611111-
1611, 1. 1. [111111161166161 Ρ6161111611611 616166111616111616111111,
616111 fest.

016 1161111111161 11111611, 1666 16116116111611161111 661,
11666 Ρ166666161111611111116 1611111611611 166 061166ρί1616 11 16-
11611611, 16611616 61116 11116111116161116611111116161 1611111-
111161 616 116 06161661116161111 111 1660616611161 61611611-
611111116116111616111 6161166111 1616, 1161 1611161116611116161181611-
111116 aus 1111611611 6611, 161 166111161611(1661611611111661611166
ihm 1616161 1611111611 1616611 161161, 16 166 06116111611161161
161 Ρ166666111111611 und der [6111111611611661666111161161 1611161616
von 1111616161 11 161161616111161 161- 1. 54 16101111-Ρ166666-
ordnung. 11111 161 6116116116 611616161 Einwand 1161 1611611161
1116116161 1761161111 16111166 11111616 1161116116111, 16 161
1161161 161 Ρ166666111111611 11111611161111111. 061611611166161
- 116 Ρ166666111111611161Κ11161111116161666111 - 1116116116 111-
1111111, 1611 116 161111161161 166 061166ρὶ1616 111 0611161111 161
061161161111116 durch 116 auf Grund 166 1. 3 166 06661166 vom
7. Juni 1876 616166161116 116661611111111 1166 0161111611611161 111611-
16611161 166116616111 1611

ΙΙΙ. 01616116111166116116 611 6116166 Ρ166666161161161 16161
8611661161161 161 1661111161 11166161 1616611611 16116161161161
11616161 1161161161. Der Boklagte 16116 6161116161111616161116111
111611 61116161161, 1666116111161111 161116 11661161616111116116111616.
Die 1111661611111 616161 1161611 1611611 auch 1161116661 1111116111.
11661161 6161 161 ΙΙΙ. civil-Sonat des Κ11111161611 016116116616-
116116 in der oben 61111 11 1111611611161 1111661611111161 1111116111
161 1611611161 Ρ1ο6666111111611 161111116111 11116111116161661161
und 1661611 116 111616 16616111161111 6116116661 16116, 1616111616
1661111616616116116611161 11 161 1161161 (8611661611616186616
diesem 1111161116 1611611161611 111161161161, 1161111661611111166

 

