0111111. eu 1111111, 111111111111111. 711111111111 1111111111. 257

111 0. 111 10. 0111111111 111 1181111112.11111111111111

81 111111111111111111111 11 8111111 11 1111111111.

01111111 811111111111 111 111 1111111111 dem verleeenen
8111111111111 111111 1880 11111 11111111

1111 (111 1111111 0111111111 111 6. April 1883 durch 111

1111111111 Herm 111111111111 11111111111111111111111111111

11111, 111111111111111111 0111111111 111 1111181. 1111111111-

11111111111 11 1111111111.

811111111111111111111111111 1111111 111111111, 111 Herm
1111111111111111111111 111 1111111111 11111111, 11111111, 11 dem
1111111ρὶ111 eine 1111111111 11111111 111111111111 11111111 11-
11111111.

111 111 1111111111 1111111111 111. 72 1118111111111111111-
11111111 worden, 1111 111 1111111111111 11111111 111191111001·
11111 1868, 11111 1111111111 1111 811111111111-1111111111111111-
11111 10 1111111111111111 111 111 011111111111111 1111111111
Joheunes in Breeleee 111 zusammen 1151111. 11111111111111,
1111111111111111111111111 111 dem 111 111011111111111111
1111111110111111111111111 D. 111 8111111 111111111111111, 1111111
111 11111111 11 111111 1111111111 1111111111111111 11118. October
1813 1111111111 111 111111 1111 111111 111111111111111111111111
1111111.

Des 1111111. 0111111111111111111 8111111 111111111111111111
18. September 1889 111 11111111 111 1111111111 111111 11111111111111
11111111111111 111 111 811111111111111111111111111111

»111 1111 11111111111111 1111 11111 111 11111111111 Be·
1111111111 1111 1111111111 11111111 111111, 1111111111111110111-
1111111 1111111111111111111 111 Κ11111111111111111111111, 111111
11111 1111 1111111111111111111111111 11 1111811111111111-111111-
11111111111111 1111111111111111. 011111 (1111111111 11111 111
11111 11111 im 1111111111 111 0111111111. ἱ11111111111111111111
111 111011111111111111 11 8111111 111 111 11111 1111111111] im
Gtendbueh 1111111111. 111 111111 eleo 1111 8111111111111 111
011111ρί1111 (1. 1026. Ι1111111. 1111111. 111 1111111111 1111-
111111) 11111. 111111111111111111 1111111111111 11111111111111.
811 111 1111 11111 11 1111111111. 01111110111111111111111111
1111111 111111111111111111111 Person 111, 1111 11111111 11111 111
11111111 11111111 111111. 11111 dies 1111 1111111, 11 1111111111
dem 1111111111 111111, 1111 111 0111111111 111 11111111111111-
1111111 111111111 1111111111.

Eine 0111111111111111111111111, 111111 1111 dem 5. 183110.
noete 11 meme 1111. 17

 

