ananan. 1110001101 1011. 1100110101. 1100· adurar. 'cnm-warde. 31·

101011000 1000110 1011111110 0 1111* 0111111010 naginna'aaaro 10 0000
0011 11 11011101110111.

10 1101111 1011011011111011010 0 quello, 010 1110 8. ’11101000
01011010 1011111010, 1110110110 110, 010 01111 10 1010011 111101-
111010 0 111011 110000 gl’ 01011 001110 la 1010111· 10 0111011011, ri·
pugnando 110010 0111001111 101 1100011010110 11011 11111111010 ·
0010110 00 010000 0001110 11 110100101110, 01111111010001101111111
101 1011010111101100100100110100110 1 dammandi da superiori. ,
1111110 dunque ai 111110011 10101010 101 110111111011101111010010
01 110111111101111 republica. 0110 S. Gregorio dina: 1110011110·
1110111101111010110101101011 dai 1000010 101111, 10010101 anam
00111101111 101 amaran Il 111010 0 00 010000 1 11 000001101010110
1011011 1010010 111010 Dio. 1101 1101111110, 010 101 00101110
010 110101 ln 1011011, 001 1011110010 1101101 ‹l' 0101110 a 101010 101
11000110, 101010 11111010 1111111 11010011011110 1111111100 11111010
0 000011110110 000 11 dignita, 010 10110 0000 001110110 1011101111,
01000110 1010011 privata Nn 1011000101111010010 11 replicata:
»Quid 1111110101110111010011 mundam meaa animaa 1011110110
10011110 001 0011101100 010 1 cardinali 0010 100111110001011110
11110 il 1000 1100101100, 0 010010 00111010 1010010 annualia, dal
quala 0100 01 11001110 1’1111··1110 00101011 10101111, 10110110 101
00 10 1001000010 00 101 11 noma 0 1’ 101110. 1101001 11101110
0011110το, 010 0011 110000010 11110 0111011011, 1110 quali 11110 1101001-
110110110101100 11110110 101 rarii 00001111, 10’ quali 11101100011
11000110 11110 111 10010 Ρ10 V. al 0010110 cardinale Soaahiaro 011010
11 0111101010, 0110 101 101010 000011010 0 1010 11111101100011101
1011110, 010 11101111 101011 101 10010100 1001001110, 11101110111010
nomn 00001111 001 011111 sagda pol 01 0111111 S. 1. 01 000011οτ0
0111110 dignita, 10101010 1111111011 corporali 000 1010010 0000110 11
00100010 101110, 0000110 agli 1011001110 1010101110, 0101111000110101
1010111001010101010101110 a 101 000010 0000011010 10111 010111,
0 1111111011 1010111 11 100110100οἰ 1011010 11 (1111111111010011110110
1011110 0011101100 01000000, 0110 1 11010011 001 simila dignita 001
01110 101 1001000010 111111 10010 10111110110.

11 01110 00101 quanin 1000010 010001111010011110001110; 101
10010 01 persuaded 010 1’ E. S. sarabia 1011101011010110110110·
1001110, 010 disan 1111010110 010110 1101100001011111101011011
11011101 100001110110110, 010 1010000 0001010110 101 1010 1110-
impolita: »1111011001 ma 1101110, 001 0110110010 martirii« Non
11111110, 010 10 morta 0 10 1111 011110 1011010111 101 8¹0, 0110
aa 101 gli 000000111 1001 11010110 0110 001110 ald i 1101110101

31

 

