vererereerreeqemerrm. 81888 Land- 88. 8180118818 (Pr. Recbtesall). 411

088 8818811888 vom 28. 1818888 1812 81. 17 811088883188838-
81188 1818. 018 183818388181188 08818118118818811188188811181088
1188188188 Pless, 0888 088 888 088 8881818 zu 1188188118 888188118
881088 818881181388808 8818818 Heus 88818 018 8181388 881088
88818181118188 Grande 818188088 818888 088 088181181881811 88188-
888188 88188. 81811 18218 8011. 08881188 11188 18118081 8181 818
Sebreiben 088 »08818118088811018188811881881188 888 7. November

1820,0838388 81811152 818 8818188 088 »881888181888118188 (18- ’

8181188 vern 23. September 1887, 18 088 18808111118188 11188188-
1881880 018 8181818883 088 811018880888318088 8181 0181808111-
11818 1881880188388810. erere 1840, 18 8818188 018 8110118818
1188188188 88111888, 0888 018 11188188 Κ1818 888 088 ,181888 1700 880
818138 70 888 8183888818188 880 8811 88818118188188 818112ος 018
118081111818 78818801883 888 0. October 1840, 18 8818188 088
8183888818188 8811181, 0888 018 88188181838 81818 0881183181881880
18 088888 8881881883 088 888388881818818 8110118818 0811808 be·
88831 1818; 088 1188181888 1818 01888 81881811883 81818 8888188818
8881 8811888 088 88118088 881 088 8883888818188 818 Polizeibebbrde
engeeeberr 888088 81811 238 018 1880811111818 7818801883 888
21. 8818888 1848, 18 8818188 088 8183888818188 880088 1788818188
088 888811818888888881883 88111888, 0888 088 1188818188 018 8811881·
8888811883 8811880188, 180881 881 088118318188118 1881188188 888118
381118188, 018 088181181881811381888 088 08818188, 088188118018-
88118118 8888188 18081888 888 088 08888888 88838011 werden
8818 8181130; 8801181 0181880811111818888188018838888 17. 11188
1815, 18 8818188 088 1188188188 088 [1881818888 81. 80 8808 8811181,
0888 018 Ρ81188188888811883 8888 3838888113 888 088 11831818818 be·
88831 88808, eber 8138811181088 08818188 381188.

1118888881 888818181 088 8811888 888818 088 881183188 81. 15681711.
088 1888888188 88881113, 08 88188 181818888881888181, 08881188-
188118 zur 8811 088 8181118883 08811138881888188088811881801
3888888181.

17888 08888883881181 088 881888 888 1821181861, wie
88818181880 888138818888 werden soll, 888813881181 - 0888 8188
8181388883 88388 088 08381 880 8188 8888881881188 38388 018118888-
8181883 088 zur 8818888181888881811 3810888088 1188818188 zu 088
881181388 08811183881888188 18118 188880888 0808818 - 088 8811883
108 18801188188381818181181, ee 11831 018 1888188 8818, 0888 0188
18 0888 8888818818 088 188811811883 regen 088 bberwiegeuden
188018811188883 818888811181181 088 81811 zur 8818888181888881811
38188388 88818188 388818188181. 088 188088811181 18188 88-

 

