394 Ρ11111, 111111111111111111111111111111 1111· 111 8111111111.

1111111 11111111, 11 vor 111 111111111111 (111111111111 v. 30. 11111
1857 1111111111 eine stadt 1111111 111 111111111111 11111111 111,
sind 111111111111111, dass 1111 111 beiden 1111111111111111111
811111111111111111 19. November 180811111117. 11111 1831
11 111 0111111111 111111 111111111111111 1111111111.

Die Η111111111 1111111111, 111 nach dem 111111111111111111
111 111 1111111111 111 811111111111111111111111111111111111111111
1111111111 111 1111111 zu 1111111111111111111111111111111 Ρ11111111
111111111111,11111 811111111 111 Ρ11111 11111 111111111111 1111-
11111111111111 111 11111111, 111 111111111111 bei 111111111111111
Κ111111· 111 Ρ11111111111 ’1,111111111111111111, 1111111111 111
111 Hand· und 8111111111111, 11111111 111111, 1111111111 18117 111
1111111111 1118111111111111 111111111111111 111111111111111,
1111111111, da 1111111111 8111111111 11111111 111, 111 81111111-
1111111111Ρ111111 1111111 ¹1³ 11111111. Die 11111111811111111 zu

011111 111111 jedoch durch 11111111 111 31111118681111, 1111111 ξ

[11111111 111 Patron 11, 111 1111111 1111111111111111. 1111111 111-
11111111111111111111111, 111· 111111 1111111 81111111 111 Η111-
111111 1111111111 111, 1111111111 111 1111 111 111111111111111
111111111111 811111 111111111111111 1111 Widerspruch jedesmal
²1³3 111 8111111111 1111111111, 1111111111 8111111111 111 29. April
1885111 111111111111 111111111111111 zu 1111111111111111111111

1111111 11111, 111111 111111 1111111 111 Patron 1111131111111111 ;

11, 111 8111111111 1111111111 werde.

1111 Κ11111111111111 1111111111111 1111111111, 11 111 1111111
einer 1111111111 1111111111 1111111111111 111Ρ1111111111111111
11111 Reparatur 111 8111111111 111 1111111 1111, 1111111111111, 111
111111111111111111111111111, 1111111111111,1111111 111111111111
111 11111 111111 111111 1111111 1111111111.

81111111 111 1111111111

Α. dass 111 1111111 1111111111 11181111111111 1111181111111111
1111111. 11111, 1111111111 1111111111 11111111111,1111111-
11111 111 11111111111111111111111, 11111 111111111111111 11111
111111111111 1111, 1111111 111 111111111111 111 1111111111 111

11111111111111 111111 111111111111, 111 eine 1111118111- 1111 ³
1111111111111, 1111111111. 1111111111111111111111111111 ’

111111111 1111 grosse 111111111111111811111111, 8111111111
111 11111, semer 111 Κ111111811111111111111, 1111181·
1111111111111111 111 stadt 11 1111111111 ¹1³ 1111111111.

B. 1111 auch 1111111 1111111111, 111 1111111111111111 81111111

 

