’88 1111111111, 01111111 pram. volkooonulqmtuntwnrr.

11111111 1111 (111. 11. 11111), 111 11111 11111 111 111 1111111111 1111111111,
111 11111111 (1111111111111111111111111111.

Der Antrng nunde nus nllgnmeinnn Rechtnprinnipinn negrnndon,
1111 11111111 111 111 durch 11111311611111111111111111 11111111,
11111111111111111111 111111, 1111 111 111 11111161111111111-
1111111111111111111111111111111, und 1111 1111 1111111111 11111111
8111111 einen 111111 1111111111 11111. Der Minister 1. 0111111·
1111111111 nieht, 1111 (111 111111111111111116111111131111111
1111111, 111111 111111 111, 1111 11111111 grosse thwinrigkeitnn 111
11111111Ιί11 Procneson Gesnlgo 11111 11111, 11111111111111111-
1111111 noch 11111111 nn 11111111 111, 111 111111111111 111111,
111613111111111, 111 811111111113111 111 11111111 111111 11111
11111111111111111111. Ihm 1111 111 conservativa Mitglien bei.
111 anderen 811111 11111 nntgngnnt, 1111 111 Schniengkeit 111 Be·
111111 1111 gnnntzgeberischnr Gnnnd 111, 111 (1111111111111 11111 111·
111 nn 111111, 111111 hier. 1111 1111 nm 11111111111111111111111

1111111111 111111.
Der Antrng nunde 1111111 gegnn 8 81111111 1191111111.

[111 nntrag spelm 111111 dem §- 110 folgenden smernn Ab·
1111 11111111

0111111111 8111111, 111111 11111111 111 1111111111 (0111111111,
81111111111111) 111 1111111111 111111111111 11111111 1111 1111111111 111-
111,11111111111111113111111111311 8111111111111111111111111111311 11-
11111111 111 111111 1111 (1111111 111 1111111111 3111111111 1111 (1111111 11111111
8111111111111),111111,1111 111111111111111 11111111111111111111111111
1111, 1111111111 111 111111111111111 11111111111111111111111111111 Go-
11111 1111111111.

111 Begrnndnng 11111 gennad 11111111,1111111 1111111111
1111111111 1111 1111111 1111111 1111111111111111111111 1111111-
111111111111111ς diesen gelbo 111111111111111 111111111111111,
welche 1111 1111111111 Minna 1111111111ηά1111111111111111, 111
111 1111111 1111111111 1111111111111111111 111 1111111111- oder
Prnennationsrecnt nugestnndnn 1111, 111 111 11111111111111111-
1111111111 1111111111 Stiftungssnhnlnn3 1111 hier 1111111111111111
1111111111111 1111111, 111111 11111111 werden 11111111. [111111-
1111111. (1111111 111111 1111 gegen 111 Antrng 111, dnos 1111 111

Vnrlnge 111111111111111111111111111111111 geben 11111, 111111
111 111 (1111111111 1111111111 111111, 1111111 11111111118111111
Ρ111111111111 1111 111111. [111 11111 1111 1111 111 11111111 in

fi. 45 111. 2 111 1111111111 1111111311 111 111111111111111111-
1111111111 nn (1111111111 11111111111111111111111 111111111111111111

1111111111 1111111111 8 Stimnnn'n abgnlnhnn

 

