1ΙΙΙ

1111111111 11111. 111-1111111111 111 11. 11111111 1391,
1111. 11181111111111 1111111111 1111111111111.

(131. Archiv, 1111. 1. 111 ff.)

111 11111 11111111111111111 1111111111111111111111 1. 2. Sep·
1111111 1891 11 den 111111131111111111 1111111111-111131113111111111.
11110111111111111111111111111 11. 0111111 1891 darauf 111311111
3111111111

»Die 1111111111 111 1111113 der 1111111113, 1111 11111111 1111
111-1111111111 111 8111111111111111111111111 1111111111111 1111111
2. v. M. 1111111111111 81111 1111311111 Ηο11111111111111311111
1111111, 111 1131111, 1111 111 11111 311111111111111111111311111-
11111131113, 11111.1’111111113, 1111111 1111111131. 8111111111111111111
111 111111 1111 1111111- 111 81111113111311111111 11111 1111111
werden 1111. 111113111111111111111 111 11 11111111 811111 111-
3111131111, ihren] 1111111 1111 1111 fiber (1111111111 zum 11111111
311111111 weit 1111113111111131111, 1111 1111111111111111111111
3111111111 1111111111111111111111111111 111 1111 11111111 (1111111
111 11111111113 111 111111111111111 111111131111111111111111111
1111111111 (1111111111 1111 1111131111 der 31281. 111 Religione-
11111111111131111111111111. 11111 111 3131111113 dieser (1111111-
11111111113 1113111111111111, 1111113 dem 11111318111111111111111111
111 111111 111 1111111- 111 8111111311131111111111111 111111111111
11111111111311 111111, 111 111111 111111111311111111111 11111111-
den Η11111311 11111111131111131111. 1111 1111 11111111111
111111311311111111111 1111111111131111111111 11111111 in dem
811111, 11 11111111 111 31111111 111, 1111111111111111111111111111111-
111. 1111111111 3111111111 Se. 1111131. Η1111111τΡ1111113111 11111111
8111 11111311113111111311 111111, 11 11111111, 111111111111111-
11111111111111311111111111 11 1111111 3111111 13. 33, 3138111119
111 1111131111111111 111 11111 und 119111111111 1111111113 des 0111111

11 1111111111111. 11111 11111ο11111113, welche diesem 311111131-
11111 3111111111 Ρ1111111111111311111111 111, 11111111111111111111
111 1111111111 111 3111111111 111111111111111111111111 111111111-
11111 11 111 111111 1111111311111 111111111111111111111111111
111111111, weil 11 111 111111111111-1111111111111311118. August v. J.
Nr. 93661113111111111 1111111111, dass der von 1111111111 1111
Biseleof 1111111111 nieht 111 1111111 arsemina, 1111 1111311111 eines

 

