414 Pereat, 811111111111111111111111111111 einer 211111- 1111 8111111111.

111 Kirebenmeuer. 1111111111111111 11111111111111111 111111 111
81111111111111 111 111111111-1116111111111111111011111111, 111111 1111
111 1111111111 1111111118111111111111111.

11 111 1111111111111111 111111111111 vem 80. September 1816
· 81.11.1111111111111111111 1111. 111 8111111. 111 eoadem »ge-
eebzliehen 81111111 111 Κ1111111111111111111 111 11111.

111 1860 11 1111111 [1111111111111111111111111111111’1, ¹

der 11111111111111111111111111111.

’ Im Jebre 1861, 1111111111 1111111111 11181111111111111111
1857 und uerter dem 1111111111 1118111111111111 gegeben 1111,
111111111 11111111 vom 1. April und der 811111111111111111111
1111011111, 1111111 111 11111111 ’,1, 8111111 11111 zur 01111
111111111111. 1111 8111111111·1111111111111111111111111111181·
111. 1111811111 1111111 111111 8111111 11101111. 81. 321, 886.
1111111111 1111111.

In der 11111111111 vom 1111111111861 81. 25 81. 11. der
11111111111111 111111 11111111 811 111. (euch 8160111111111111111·
1111111111) 1111111111 111 111111111111111111 (1111111111 und 111
81111111111111111111 111111111111111 81111111 11 11111 Wendelbreppe
1111 0111111111.

Die 1111111111111 1111111111 rom 21. 1111 1811 816611
111111111111111111 1111111 11111111 111 11111111110111111111111
111 1111111111 111 111 1111111111 111 01111. 1111118111111111111
1111111111 111 811111111111 1111111111. 1111Κ111111111111111111111
1111111111 (1111111111, wie 1111 1111111111 Κο111111111111111111-
11111 111 1111111 1111 ’1, 111 111 111111111111111111 1111 11, 111111
1111111111111 8111111111 1111111111 1111111111 werden. [111111
11111 1111 euch die Κ11111111111111. 81. bobis 85.

11 11111111111111 vom 23. November 1861 81121111111111
1111111 111 1111111111 111 8111111111111111111111111111811111111-
111111 1111111111. 11111 1111111111 1111111111 11111111. Ee beiset:

»8111111111 sind die [111111111111 111111111111, 1111111
111111 dieser 111111 111 11111111111111111111 8111111111 11 'lg 111

111 811111111111111111 111 11, 111111111111111111111111111111 ,

11111111
1111111 1111111111, 111111111 11111111111 1111 der 1111111111
111111 1111111 1111111111, 1111111 1111111111 111 111111111111
11 1111111111, 11111111111111111111 1111111111 11111111 111.
Aue 111 1111111111111111 11111111 111111 1111, 1111111 8111111111·
1111111111 (1111111111 11111 dem 1. September 1867 111 1111 1111-
111111 1111111111111 1111111111 11111111111111 (81. nese), 1111111

 

